-86 -4 8 -7 -15 -1 -7 -4 
17 5 1 22 12 4 13 11 
-46 -5 -10 -6 5 11 -10 -18 
1 -1 -5 2 -2 36 4 -10 
2 34 16 -9 -7 1 9 -31 
11 -14 19 -14 -3 11 -7 23 
-5 75 20 7 -4 24 -6 -14 
14 16 -25 -6 2 3 20 63 
-3 0 -1 12 27 6 3 -2 
-36 -21 4 -6 -10 -21 30 -38 
33 28 14 -31 1 16 19 35 
-1 15 31 4 -6 -7 -33 -17 
26 31 43 -2 3 -20 -19 -33 
0 -3 16 -1 -2 1 -8 -12 
-16 -4 -26 -12 -6 -5 -8 1 
-75 60 21 -115 -33 4 108 42 
-43 -33 -3 34 24 3 36 6 
25 -37 -90 -4 11 -27 29 25 
3 -21 -6 -5 0 -13 25 -3 
-5 4 -30 12 26 10 4 4 
73 13 66 -46 -26 -18 6 -1 
8 -7 -14 -19 0 4 -31 4 
-39 -7 -20 65 31 -77 -1 24 
-4 8 -34 41 22 17 55 -29 
-5 -33 -33 -5 -1 7 -1 20 
0 0 -7 -4 -4 -3 -9 -5 
111 64 49 -103 -46 -19 32 -16 
-25 -28 -76 122 25 -7 -67 -23 
-11 52 116 5 -2 52 9 -38 
-15 -22 102 9 -9 27 1 0 
-2 -8 -18 -12 17 15 4 7 
-18 -5 -6 37 23 11 7 -6 
14 100 97 -58 -51 4 101 84 
84 -19 28 -108 -39 -27 -58 0 
-23 -85 -13 8 -16 -128 -95 -70 
-5 15 -12 -6 -9 -15 -14 23 
8 21 17 -13 -6 -7 3 8 
3 57 -14 -51 14 27 45 42 
58 44 36 -92 -19 20 -34 -16 
-23 -16 -63 -11 12 -4 -51 -52 
1 -17 -4 7 0 -29 24 -27 
14 44 30 -5 -43 -19 4 2 
127 54 55 -56 -33 -23 7 20 
54 -73 33 -25 -16 -48 -65 -7 
45 89 96 58 23 -33 -54 -8 
-11 -19 -25 -16 -9 -6 -4 -33 
-3 -1 -5 -6 -7 -4 -3 -7 
-14 -19 49 34 7 2 -15 2 
51 22 11 -10 -37 -35 -38 -35 
-34 -73 -20 25 9 104 -30 17 
-7 4 -34 -21 -15 -35 41 2 
-1 -1 -16 -6 -4 -43 -6 -20 
-1 -7 -21 -12 -3 3 0 0 
-128 -117 -93 31 36 -16 -96 -33 
-44 9 -17 -60 -1 20 6 7 
4 19 57 61 7 -128 -11 12 
-3 -25 -96 -32 -19 64 9 -3 
8 -5 -1 3 5 -2 5 5 
-1 1 3 8 4 -2 2 0 
