-63 -27 20 -36 -17 -1 -35 -90 
-38 3 29 -23 -8 4 45 4 
-46 7 4 -80 -28 -9 -2 -12 
-79 -33 -28 78 21 9 1 -45 
31 4 6 -52 -7 -6 -26 -10 
-58 7 -46 2 8 -8 -40 -35 
86 -15 -12 10 12 10 24 45 
-30 -9 -21 18 -11 -30 7 -3 
-110 -76 -26 78 41 -3 0 -42 
-39 -6 30 37 8 -8 -24 -6 
-16 -6 -33 -18 3 -22 -8 -35 
-16 -3 16 -6 -6 18 -1 8 
0 12 48 17 2 8 3 -5 
-8 -100 13 -15 5 14 9 -26 
-13 52 120 37 12 -30 -4 -44 
-11 -32 -13 9 7 -7 6 9 
17 -24 -13 13 14 -6 -5 24 
0 6 -50 -16 -13 -28 5 -1 
11 27 69 30 17 -15 -12 -1 
4 3 8 -13 -5 15 15 7 
0 -1 -6 -2 1 -25 39 8 
-5 22 4 0 -2 -38 -89 -24 
-31 5 -45 -15 -10 -21 17 -34 
-6 -7 8 4 23 61 95 -73 
13 18 33 17 37 123 86 -36 
3 -3 3 1 -15 -128 -128 -45 
-9 -70 -63 -12 -13 -52 -11 -20 
-12 -17 -2 -11 -5 -16 -21 -11 
0 11 30 20 8 9 2 1 
-10 -35 -30 -6 -3 -2 -3 -3 
9 -84 -109 5 9 -2 3 4 
-29 -52 17 19 4 -19 -1 -5 
-3 29 24 -10 8 11 1 -1 
0 -21 -91 8 -12 0 -5 7 
39 88 79 49 56 17 23 14 
94 74 89 71 16 14 16 26 
-67 -6 24 -51 -27 -4 -23 -15 
-8 -16 21 5 -9 18 -18 -17 
-8 -17 46 3 0 -8 -8 3 
0 4 -7 -3 -1 -3 -10 3 
17 9 -1 3 1 1 1 12 
-13 -6 28 23 22 1 -2 -3 
126 -38 7 112 75 1 24 36 
8 -15 6 -14 -14 2 -46 -32 
-42 -68 -41 115 31 8 -23 -9 
-14 -31 9 -54 -20 -7 -74 -37 
105 -20 -22 38 7 -5 -68 -3 
-12 -22 -11 -21 -18 -66 -32 -14 
-1 -14 -8 -6 0 6 -1 -29 
3 10 2 1 4 16 10 -14 
-3 13 5 3 2 6 -15 -31 
7 21 12 4 3 -2 6 -15 
24 19 -3 -6 -10 -57 -98 44 
24 -23 -10 6 30 127 47 21 
2 -44 -7 -12 -10 7 103 91 
-17 21 16 10 10 57 114 -29 
25 4 35 7 13 30 9 7 
-3 2 -9 8 10 -1 -2 -7 
-7 3 7 -17 -8 2 -2 -3 
-9 -32 -96 -6 4 2 -2 -1 
10 13 -34 7 14 6 5 5 
20 24 -112 -32 12 3 0 2 
-4 46 -32 -4 -16 -5 -5 -7 
22 -31 -10 -44 -18 -12 -7 -4 
-5 -65 -47 48 18 10 4 6 
11 -32 75 26 7 -1 -3 16 
-13 -9 -5 0 -7 -4 1 -3 
1 0 0 -4 -7 -19 -3 3 
0 0 1 0 -1 -2 1 -6 
1 0 15 1 -2 -1 -5 0 
2 57 71 14 -1 -7 -19 1 
25 96 78 -17 -15 7 50 2 
8 19 -35 20 13 -10 -16 44 
32 10 -40 -6 -18 2 39 35 
9 -14 35 15 10 8 17 20 
-6 1 -5 8 2 -1 -3 -7 
-3 -9 -10 -3 2 -1 -1 1 
2 3 0 1 6 0 7 11 
1 -1 -7 -4 -4 5 2 3 
-5 -3 5 5 9 10 16 -21 
-1 1 -1 -2 -2 5 -3 -7 
0 -1 1 7 3 -62 -13 -3 
5 4 3 1 3 -31 16 42 
18 68 80 -48 -40 -14 4 7 
12 -60 -60 18 9 -8 1 -21 
-47 -2 18 -22 -32 -14 -17 -21 
18 -56 -49 -78 -46 -12 -1 0 
-33 -57 -63 -4 7 3 3 0 
14 24 9 33 24 7 8 9 
-7 -7 -44 -15 -7 -6 -6 -4 
1 -3 -5 0 1 -20 -12 -12 
-1 0 2 2 5 25 12 3 
-6 -8 -11 -5 -3 70 8 7 
0 0 -37 -25 -2 20 -63 -22 
-3 -2 11 7 11 60 30 55 
24 65 35 6 21 -50 -39 109 
-29 -49 -27 -19 -33 -66 -25 -19 
-3 -1 -2 11 -5 -2 -19 -11 
-4 -1 9 10 3 1 0 -3 
2 2 -4 6 7 4 -1 -1 
1 7 -11 6 4 0 3 1 
-1 -13 -16 -3 -6 4 28 3 
-5 -8 -18 -8 -3 -35 -14 -2 
82 15 43 3 -4 6 -11 -6 
-84 -35 -40 39 34 4 12 -30 
47 0 -74 116 57 62 49 44 
127 43 26 46 34 8 47 57 
21 16 46 -30 -26 13 -45 -63 
4 -3 -8 57 12 -63 -18 -15 
-5 -4 -11 10 7 35 -6 10 
-4 1 27 -4 -6 0 -2 33 
-3 19 16 1 -2 -24 -3 3 
8 38 37 6 3 -1 0 8 
-4 -79 -62 -34 -14 3 -1 2 
-21 32 77 -63 -42 -19 -7 -7 
13 4 72 55 17 1 5 3 
-19 34 -31 123 35 2 1 -2 
-19 -24 -25 -30 -10 -5 -6 -9 
6 -1 -12 -13 2 75 6 19 
-3 -1 -1 -2 -3 29 -3 -41 
-3 -12 -13 -7 -3 44 -2 6 
2 10 3 0 -3 -40 0 -23 
-3 -11 -16 -4 9 108 34 -3 
14 21 22 19 21 35 -13 -61 
6 -19 -18 -14 -5 40 105 -1 
0 -19 -10 -10 -4 -72 79 -30 
8 2 1 2 9 7 24 17 
-2 -18 -39 -23 -14 0 10 3 
-6 -25 -52 -8 -9 -7 -5 -4 
-1 -3 8 5 6 7 10 0 
0 -1 -2 1 3 0 5 1 
-2 -2 0 -5 -7 -5 -3 -1 
1 0 2 0 -2 -4 2 -1 
-1 -1 -14 -1 6 3 0 -4 
