0 4 -11 -6 -1 1 -1 6 
-2 -1 -39 -3 -2 3 0 -1 
-1 -11 -7 -9 -6 -10 -4 0 
2 5 4 -1 -2 -48 4 5 
10 -5 -12 -6 2 58 -52 46 
-32 5 1 1 4 -69 -121 -52 
10 -8 -4 5 15 49 120 -32 
1 24 76 1 -3 1 18 -23 
-3 1 -32 -13 -8 -2 1 -5 
-4 -7 -44 1 1 2 -5 -4 
-17 -19 62 18 -5 2 -2 -7 
-39 -109 -23 8 -9 -4 -7 -10 
-26 -31 -35 -58 -24 5 -6 -8 
9 28 37 18 7 -5 3 -1 
6 5 -4 -5 4 -6 2 20 
0 6 -2 -4 -4 7 -32 8 
15 1 -2 -1 -2 -17 27 71 
37 -2 -5 3 13 60 -128 78 
26 67 28 25 46 105 52 -23 
-4 -23 -16 -9 -13 -14 40 -14 
1 -4 0 29 8 -11 -1 -7 
5 27 33 19 8 -2 -1 -2 
12 12 88 44 18 -5 4 1 
9 19 -89 -2 6 -1 0 0 
20 83 35 -12 3 -2 1 3 
-26 1 -32 -13 -6 -4 0 -8 
1 -82 -69 16 8 1 1 -1 
7 18 22 3 -11 -16 1 19 
10 8 28 12 8 -57 -17 69 
-9 -20 -16 -12 -7 -51 51 -65 
-20 68 30 15 9 -13 -23 -128 
-9 -49 -5 -3 -6 -39 58 -46 
-9 -59 -5 -2 -14 -106 -49 -17 
4 16 30 22 21 28 3 5 
-9 -26 40 -4 -3 -10 -6 -7 
-4 -89 -93 25 9 -2 1 -16 
-33 -53 49 -18 -8 6 -7 2 
-3 -31 -17 -24 -4 8 -3 0 
-7 18 -117 -22 41 2 8 14 
-10 54 -60 -106 -61 3 -9 -8 
-41 -61 -21 -42 -32 -2 -11 -13 
-6 -7 6 -5 0 24 5 -40 
3 -5 -5 -1 2 -33 6 47 
-4 5 2 1 4 44 -35 22 
-14 -22 -6 -2 -2 -30 -13 11 
20 13 4 5 -8 -97 -15 102 
26 -16 -78 -8 -5 -114 -128 73 
-12 0 6 -3 -5 -29 -5 -33 
-1 -11 -2 39 29 4 1 -6 
6 9 22 13 0 -11 -1 1 
-2 18 32 4 1 4 6 3 
4 4 -107 -44 -13 2 -4 2 
-45 28 -31 3 -22 -6 -18 -19 
-31 2 41 -27 -18 -1 -5 -9 
21 7 -29 -77 -21 15 2 5 
-3 1 3 5 1 16 -24 -18 
0 -1 -3 0 7 15 8 -5 
3 5 6 2 -4 -17 -23 -6 
-24 -2 -12 -12 -13 21 -48 -18 
-6 7 14 11 10 -50 104 30 
-13 -16 -32 -12 -13 -44 -70 -77 
1 4 1 -7 -5 8 8 -20 
2 -11 -15 -2 -2 7 8 -4 
10 10 20 18 13 7 9 6 
5 18 56 20 10 1 -2 8 
-9 -49 31 5 -8 0 -5 -3 
16 106 82 -44 30 10 7 9 
-19 -128 27 9 -6 -3 1 -10 
-3 -2 -9 10 4 3 -6 3 
2 9 6 3 1 28 24 14 
-11 -1 3 0 -8 -49 -38 -30 
13 -10 -1 2 -2 -34 11 72 
-27 -15 -9 15 44 119 101 17 
4 -56 -19 -11 -8 16 15 77 
-1 4 3 -6 -4 -9 4 14 
4 -21 50 33 8 -6 2 4 
4 10 4 8 3 0 -1 0 
-25 -28 -104 -77 -18 6 -3 -3 
-14 -41 -71 -96 -58 -8 -16 -13 
0 23 -71 -128 -56 -13 -3 -7 
12 12 -20 -33 -25 -7 -2 7 
3 1 0 12 4 -15 -12 -31 
-3 1 -1 -6 -1 4 6 -15 
1 -9 -5 -3 2 6 25 29 
-15 -30 -10 -2 -8 -40 -9 -9 
17 20 -3 -1 1 30 -35 -21 
-2 -35 -7 -9 -24 -51 -57 63 
-3 12 1 0 -9 -53 -12 -16 
-1 -5 7 -2 -1 10 5 0 
-3 -6 -7 6 -1 1 -1 1 
-6 -52 -73 -24 -6 6 -1 -4 
-11 -3 -73 -7 -5 -3 -4 2 
-15 38 -30 -54 -31 -3 -10 -10 
-5 15 96 20 9 7 1 -1 
20 43 9 -24 1 -60 -14 -1 
-9 -27 -77 -38 -18 13 -7 -1 
-1 -3 -2 -1 -4 50 -14 -11 
-1 -3 -14 -2 -3 -13 23 -17 
-4 2 6 3 8 22 -2 3 
9 4 -8 7 -2 -38 -3 16 
15 7 3 4 6 4 45 6 
-42 -14 -12 -15 -21 -106 -57 -79 
-20 -16 -6 -8 -20 -88 -54 -51 
-4 0 -2 -10 -5 16 11 -17 
-1 0 -15 -3 3 -2 1 3 
-1 0 -5 4 5 2 0 -1 
