-3 3 1 0 -3 -2 -4 -1 
-3 -8 15 -2 2 0 1 0 
-1 -3 8 5 -1 0 -1 -1 
1 -3 0 -1 2 1 -1 -2 
-3 7 3 -1 0 0 -1 -2 
1 5 -4 -3 1 0 -2 -1 
0 -2 -2 6 5 2 -1 -1 
1 2 -3 0 4 1 -1 -1 
1 5 12 1 3 2 0 -1 
-1 -1 5 2 -1 0 0 -1 
0 -1 1 -1 0 -2 -1 -1 
-3 -1 -5 -3 0 0 0 0 
-1 0 3 3 0 -1 -1 -1 
1 2 -1 -2 -1 1 0 -3 
1 3 -2 1 0 1 -2 -1 
-1 -1 -12 3 1 -2 -1 -1 
-2 -7 -2 -1 7 1 0 -1 
0 1 7 3 1 1 0 0 
-1 2 8 1 -4 -3 -2 -3 
-2 -7 -34 -6 -4 -2 0 1 
1 -1 4 2 3 -1 0 0 
-1 3 0 -3 -4 -2 -2 1 
2 0 -14 -6 -2 0 0 1 
0 1 -30 -5 -3 1 0 2 
0 1 10 0 0 -3 -1 2 
-2 -11 -14 -3 -3 -2 -1 -2 
0 -8 -10 0 3 -2 1 1 
-2 4 25 4 1 -3 -1 1 
0 -6 -22 -3 -2 0 -1 -1 
-1 7 -4 -5 -1 1 -1 0 
0 3 8 4 1 0 -1 -1 
-2 4 10 1 4 0 1 0 
-2 -17 -33 -8 -6 0 -1 -2 
1 -3 -9 1 -2 -3 1 -1 
2 8 13 2 -5 -4 -2 0 
-1 -1 -10 -2 0 1 0 0 
0 -4 -19 2 1 0 0 0 
0 -4 10 5 2 -1 -1 -2 
0 2 10 3 1 1 0 -1 
-1 -12 -13 -3 4 0 -1 -1 
1 -1 -7 -3 0 0 1 0 
0 6 -2 3 2 -1 0 0 
-1 -6 -1 2 -2 -2 0 0 
0 -1 -3 0 1 -1 -1 0 
-1 -3 0 0 0 2 -1 -1 
2 -3 -8 1 3 3 1 -1 
-2 1 0 3 3 1 -1 -1 
-1 2 3 -1 -2 -2 -1 1 
1 -1 12 3 -3 -1 0 -2 
-2 -4 -33 -7 -5 -2 -2 -1 
2 4 16 2 2 2 1 0 
-2 -3 -7 -1 0 -1 -3 -1 
-2 -4 -7 -1 -3 1 0 -1 
-3 3 1 2 4 -1 0 -1 
-2 5 -13 -3 -1 1 -1 0 
-2 7 20 -2 -3 -1 -2 -2 
-2 -2 -2 4 4 1 1 0 
-2 -6 -5 -4 -5 1 -1 -1 
-1 -2 0 0 -4 -2 2 -2 
-1 1 2 -1 -1 0 -1 -1 
1 -1 -2 -5 0 -1 -1 -1 
1 3 2 0 2 -2 -1 -1 
1 -1 0 2 2 0 0 -1 
-1 -9 -14 2 -1 -2 -1 -2 
-1 -3 -4 4 4 3 0 -1 
-1 -3 4 0 0 0 1 0 
-1 0 4 -3 -5 -2 -2 0 
-1 -8 -2 0 -1 -2 0 -1 
-1 1 -1 0 2 1 2 -1 
-3 -1 13 2 2 0 1 -1 
-1 -1 -13 -5 -3 0 -1 -1 
2 1 8 -4 -3 0 -2 1 
0 3 12 2 -1 0 1 -2 
-1 -6 -13 -6 -1 -2 -1 1 
0 0 19 3 -2 -1 -2 -3 
0 -4 -3 -1 6 1 0 0 
1 -3 -6 -5 -6 -1 1 -3 
-2 -3 -3 -3 -2 0 0 -2 
-1 -4 -3 2 3 2 -1 -1 
0 0 2 0 2 -1 -1 0 
-1 -2 5 -1 1 1 0 0 
1 2 2 -3 -2 1 1 -1 
-1 -2 0 0 0 -1 -1 -2 
