21 -14 -39 9 16 -1 8 9 
26 -27 -46 -2 15 -3 7 3 
-11 -43 51 22 11 0 6 6 
-11 -32 -70 25 13 2 0 1 
1 -2 -6 -16 0 2 3 2 
-2 -22 72 15 0 -4 2 1 
-9 3 21 -6 -7 2 1 3 
-6 -10 44 44 20 1 8 13 
14 -32 -4 -2 4 -2 1 3 
-6 -61 17 -8 -9 -1 -7 -2 
7 -26 -94 -42 -4 4 -1 2 
-4 28 77 5 -12 -1 -5 -5 
-6 25 12 -11 -4 0 -6 -6 
-8 3 56 22 6 -1 1 -7 
-14 -13 -72 -19 -8 2 -2 -7 
-2 22 -9 10 -4 2 0 -2 
-16 5 -87 -20 -2 7 -3 -11 
-23 -85 -53 -40 -21 -6 -12 -9 
-10 4 41 11 0 -6 4 -1 
2 46 37 -51 -26 3 -7 -7 
19 15 46 -1 3 -1 5 11 
-10 36 -41 8 -1 3 -2 -5 
2 -7 -21 -7 -18 -3 3 5 
-10 -27 -40 -8 -1 3 0 -6 
-2 9 -63 -26 -10 -5 -11 -16 
3 -34 -25 1 -2 -1 -1 2 
1 -51 5 28 20 1 0 1 
1 -7 4 38 14 2 0 18 
-35 -85 -17 -49 -37 -12 -13 -14 
-8 -1 9 3 11 1 2 3 
3 -35 20 11 7 -6 2 0 
-10 -1 9 -4 -8 0 -1 -3 
4 -1 -35 8 0 -1 0 0 
11 43 39 17 12 -3 2 4 
-1 4 26 1 0 -2 0 5 
2 51 -12 4 2 -3 -3 -5 
16 32 -43 -27 1 1 2 8 
-8 13 49 -17 -10 -1 -1 -4 
5 13 5 41 12 3 -2 1 
-4 31 22 -10 -12 -2 -3 -3 
-37 -95 -99 -81 -31 -5 -8 -10 
11 16 23 64 23 -2 3 5 
-4 -18 -7 -12 -3 3 -1 0 
13 38 24 32 16 1 4 4 
-2 18 22 -8 -9 -5 -1 -1 
3 19 15 12 7 3 5 4 
1 -54 3 15 6 3 -1 -2 
5 -40 -31 12 7 3 0 0 
18 24 -50 16 3 3 0 1 
-16 16 29 -2 -1 3 -1 0 
3 -34 -43 -24 -6 -1 -1 -2 
1 -46 -15 -1 -8 1 1 -1 
13 3 -5 13 3 1 6 4 
6 9 75 25 12 -11 2 2 
-11 -3 -9 1 -3 -2 1 -1 
11 -20 -69 -1 6 1 2 -1 
-13 -20 22 -4 7 -1 4 -1 
-7 -14 8 -18 -14 -1 -6 -5 
-6 -8 -19 0 1 -1 -1 -3 
9 -15 -38 -8 4 0 -3 3 
-4 24 13 5 1 -2 1 0 
5 30 2 -6 -4 -1 1 1 
-11 7 -10 23 17 5 -1 -4 
5 16 -52 -33 4 2 4 3 
8 20 30 19 12 3 1 2 
-5 -7 44 16 5 -8 0 0 
13 5 5 8 5 -2 2 2 
5 -4 31 19 11 4 -1 -2 
-1 -5 -34 5 2 -1 -3 -2 
4 10 12 22 15 -1 0 2 
-1 9 22 10 -3 4 0 0 
-1 15 18 -4 -4 -2 0 -2 
-21 -50 -22 5 -2 -1 -4 0 
