2 2 -13 -24 1 0 6 3 
3 0 6 -6 -6 -3 -1 4 
24 1 -9 -15 -1 1 10 9 
-93 15 32 51 20 23 36 32 
-107 -96 -51 49 14 -10 -2 12 
-65 -14 -11 23 19 13 -25 24 
46 -7 21 76 25 -9 18 15 
-52 7 -22 9 4 28 73 18 
127 47 -9 -46 -3 15 0 34 
46 21 -26 -63 -6 29 92 46 
-39 -7 7 107 38 -10 -10 15 
53 -6 -9 9 7 1 -26 23 
60 47 -13 -3 8 61 -37 30 
-54 -27 -7 -52 -1 18 -16 -12 
-68 -21 41 66 4 -10 -7 -11 
30 -1 -24 33 3 3 15 -14 
39 -3 -30 56 10 37 27 8 
76 -16 -4 -14 -17 -12 -49 -12 
62 7 13 -20 -3 7 44 4 
-17 18 -11 -42 -13 -6 7 20 
95 52 6 -47 -7 18 18 -4 
31 19 -27 -39 -2 12 17 7 
-76 3 -14 -49 -16 -21 -55 -12 
75 -18 10 5 7 -20 -70 -8 
89 12 19 47 9 -4 9 16 
10 -1 -12 -26 -3 2 -4 -14 
10 -52 5 -1 -12 -42 2 -25 
-97 -27 -8 53 16 5 -47 -23 
-48 -17 -1 17 13 27 22 -9 
-128 -22 -15 1 -4 -5 42 -15 
-20 -3 0 1 -4 5 -59 7 
-128 -28 5 29 12 6 -24 5 
26 11 -10 -46 -14 0 6 -2 
29 20 -31 -29 5 4 34 12 
-41 -9 20 -37 -2 3 -1 -20 
-29 3 12 103 12 2 -29 12 
-119 -85 12 6 -9 -14 -62 -52 
127 100 -4 -17 7 14 46 33 
5 32 6 -73 -4 -14 -45 4 
-86 1 -12 -51 -8 14 34 -12 
84 60 11 -46 1 2 32 45 
-63 4 53 36 -8 8 -14 -9 
-120 -44 -5 -7 -18 -24 -65 -74 
-128 -48 -6 99 62 33 97 28 
46 47 -9 -2 -1 -3 49 -6 
-92 -87 27 -11 -18 6 -83 -47 
-66 -14 15 -106 -34 5 -48 -41 
50 46 -6 39 25 33 26 2 
-95 -26 -6 -20 -11 -18 -104 -72 
-70 -5 -47 -41 0 6 25 20 
-29 35 -12 -5 11 45 19 6 
-60 -33 19 68 45 -8 -43 6 
-27 38 17 -68 -15 7 2 -18 
-7 -23 2 22 5 -17 -20 18 
-47 -20 -2 11 4 -20 -8 3 
75 -9 16 -18 -1 -10 29 2 
-38 -15 -43 38 10 11 43 12 
-21 5 1 -53 -16 -17 27 -5 
11 -2 3 5 5 -5 43 17 
9 0 11 8 10 26 13 27 
