11 18 59 41 -6 -7 1 6 
-42 -22 -48 -17 7 1 -10 -11 
127 17 31 65 11 -5 -1 15 
1 18 -5 67 6 5 -5 -18 
-11 0 -31 -20 -8 -98 25 5 
-2 37 38 6 7 59 -39 -18 
-1 5 8 8 8 11 5 -6 
-32 -4 0 -15 -1 2 3 -2 
-63 -38 -71 -3 -18 6 8 -34 
-96 21 -60 90 75 7 72 27 
21 -36 -67 -84 -34 -20 14 -21 
-2 -1 11 -8 3 38 14 -8 
8 11 47 0 0 10 5 2 
76 -9 6 59 21 8 38 6 
-37 -73 -104 126 72 18 -24 -23 
-31 -25 127 -2 -11 -115 17 61 
-5 1 -22 -10 0 -6 -22 -24 
-1 -2 6 5 4 -2 -7 -6 
-24 28 20 -31 3 8 44 -42 
127 47 25 18 -1 18 45 102 
-7 -14 15 24 11 89 -30 5 
4 13 57 2 -5 -15 2 59 
0 -31 -85 -26 -7 0 -13 -2 
-28 -6 6 -21 -10 -3 -4 -4 
84 -15 -52 9 21 12 -18 36 
111 -24 6 49 16 11 -22 43 
19 51 71 14 -1 -30 73 91 
-3 -14 -25 9 11 3 -24 -24 
1 -2 9 -3 -8 -3 -10 -2 
-18 -18 -41 -12 -7 -8 -1 1 
16 -12 1 -28 1 -1 -84 -52 
-7 -25 -7 -7 -11 -8 -20 -25 
-5 -3 -6 -6 -9 19 21 -26 
6 8 30 9 -4 -2 12 -9 
9 -13 4 1 0 -1 1 3 
-75 -90 -71 78 24 -22 -3 -6 
-19 -10 14 93 19 -16 -8 -9 
4 -27 10 1 6 51 -24 39 
-3 11 41 24 5 -29 -18 2 
-7 -6 -34 -4 17 2 1 -2 
-91 -44 -72 52 14 15 27 26 
37 59 1 -95 -37 -4 59 66 
12 -83 -55 -4 -5 104 -35 1 
3 18 -47 0 8 -34 26 46 
-8 24 37 3 -13 -9 -10 -19 
17 19 16 14 15 7 21 24 
-46 41 25 -108 -46 -32 49 -47 
-16 8 60 -90 -88 0 -102 -19 
-8 13 22 13 4 -89 19 19 
-2 -18 -19 21 1 -6 -29 8 
0 -2 8 2 -1 2 -6 6 
22 28 27 -6 -6 12 30 13 
126 -17 -25 120 66 10 -85 6 
-128 -2 12 -86 -45 -3 79 24 
-11 -1 0 11 -2 -10 4 1 
-2 -4 6 6 2 3 4 4 
