54 33 45 103 13 -14 -28 53 
36 -18 38 -10 -10 16 7 31 
127 25 -24 -20 10 13 120 127 
-31 -26 -43 1 -7 34 32 -24 
14 53 127 56 10 -39 -22 9 
6 11 3 20 13 -25 9 -5 
4 20 7 2 1 -3 11 1 
16 -14 -98 -42 14 6 38 -17 
-96 59 117 -128 -61 2 65 -32 
-14 -128 -6 35 2 -4 -32 -10 
-40 -81 -118 -78 -22 74 -35 -2 
-1 0 35 3 -1 -14 -5 23 
-8 -13 -10 10 11 20 10 2 
-19 13 17 -25 -6 4 5 15 
90 1 54 6 -22 7 61 -18 
-46 6 3 1 0 39 0 -16 
-18 -20 -102 -65 -22 -128 18 1 
-8 -18 3 1 0 -14 1 -16 
34 -15 -10 11 8 -4 0 2 
-4 -43 -43 79 11 -2 5 -6 
-27 27 41 -127 -68 -3 -64 -35 
8 60 59 13 21 -82 21 53 
-1 -49 -46 -1 17 39 7 -46 
5 9 42 0 -14 4 -1 1 
-40 6 39 -2 10 -7 -11 -36 
-61 -61 13 38 67 15 89 -52 
11 -42 5 45 12 -40 24 26 
-1 17 6 -32 -7 23 87 40 
-3 16 -82 -21 -8 28 4 4 
10 6 11 10 9 -5 4 -2 
68 42 -8 78 32 -1 59 25 
-21 -25 -59 70 29 -3 14 -38 
-12 27 54 43 24 -95 37 -25 
8 -28 -111 -11 4 -25 -5 -4 
-1 8 -27 -19 -13 -8 -2 2 
4 12 14 -3 7 1 0 0 
61 6 51 -85 -29 -5 48 13 
40 30 -11 -99 -44 -7 -4 27 
50 108 126 54 12 -103 13 43 
24 44 40 24 19 18 9 20 
0 -17 -12 -1 -1 16 4 -2 
13 -4 -43 -39 -7 0 7 12 
57 -5 -95 61 103 9 126 122 
-5 16 24 -88 -31 -27 -89 -30 
-16 -40 -59 -29 -11 105 23 -11 
24 33 0 -1 12 -21 -3 15 
-5 -13 -13 -9 7 14 7 -3 
-12 -8 1 3 -5 3 -2 -10 
-94 46 -1 82 12 2 -104 8 
5 38 52 -128 -71 7 -15 49 
-14 -105 -83 -54 4 44 64 92 
6 19 -15 0 -15 -15 34 -2 
-2 5 -7 -7 -2 6 7 -8 
0 -7 -30 -7 4 3 -1 -3 
-53 6 28 13 14 11 10 -14 
-58 -63 -18 29 12 16 7 -42 
-41 9 33 -34 -26 72 -44 -30 
2 80 120 27 -14 -4 -22 38 
2 7 -26 12 0 -6 2 -6 
-3 2 -1 -3 0 5 13 8 
1 3 12 1 -1 3 -1 5 
3 7 18 6 3 -1 1 1 
