-2 5 -24 -2 -1 2 -4 -4 
-1 1 -15 -15 -6 2 0 0 
-4 -3 -16 -1 0 -5 -15 -71 
-5 -2 -63 -6 0 6 15 19 
1 13 7 -1 -3 -4 -7 -11 
0 0 -4 3 3 -1 -1 -5 
7 8 1 -1 -6 -5 0 -3 
30 3 -64 1 12 -31 -109 -93 
34 27 43 -7 -21 26 32 16 
17 20 24 -19 1 -12 51 1 
-128 29 35 17 5 15 72 23 
47 -2 55 64 9 -19 -19 -15 
1 -13 -1 20 21 -9 -5 -3 
-43 -35 -102 -34 -26 82 28 40 
5 -24 -44 2 11 35 4 -41 
-16 -26 -86 -6 11 -14 13 20 
14 8 -28 -3 6 -5 1 -1 
-6 -9 -73 -21 2 22 5 -11 
28 6 -40 -19 8 30 12 13 
61 -20 -79 121 77 -7 -94 3 
42 -13 32 -39 -21 -11 83 25 
83 37 -15 -51 -9 -22 -9 75 
-12 -33 -2 23 5 10 -58 -30 
14 -6 2 15 3 -2 17 2 
16 -9 -19 14 4 -28 -11 -74 
9 5 1 -5 20 -7 -16 9 
-11 -26 -52 -17 -1 5 18 2 
-19 -30 -63 3 1 -33 -48 -22 
4 -12 -1 -8 -3 10 8 14 
4 -2 -17 13 -2 -5 -9 -6 
89 1 -11 -4 8 -13 -11 26 
25 67 2 -97 -3 -8 -117 -101 
32 -12 19 -56 -13 -10 -40 47 
29 3 -25 29 -10 2 24 2 
-77 3 3 3 6 13 -9 -17 
23 52 -5 6 1 9 10 -61 
12 -57 16 10 3 -5 -31 99 
-9 5 -12 -4 -5 6 63 21 
4 3 29 16 4 -4 -1 27 
-4 24 15 -6 -4 -6 13 -29 
-2 -5 12 13 1 -10 -11 -13 
12 -20 11 7 5 -6 -17 21 
-59 -77 6 -79 -9 6 -65 -59 
30 5 -8 63 23 -10 62 40 
-11 -15 47 103 33 9 74 29 
115 4 0 6 7 25 -53 20 
-1 -60 -56 6 1 -120 -43 -35 
-17 -39 -17 -5 3 -1 11 -24 
-13 -1 -104 -35 -9 6 -10 5 
4 -2 -20 -3 10 -5 15 15 
2 2 22 5 1 -10 -3 1 
-46 -8 -15 -17 -10 1 -11 -23 
-26 30 82 -36 -43 4 60 58 
-83 -47 -10 19 8 28 -122 -33 
-18 -31 18 6 9 -3 -8 -17 
2 22 32 13 3 -15 -24 -17 
-19 5 6 -4 -3 -4 1 -1 
-2 -51 65 17 1 -59 25 29 
-8 -39 9 -3 -9 -11 -9 9 
-4 -9 -27 18 11 -21 23 -51 
0 9 35 3 2 -2 -14 -17 
-8 -3 -15 -7 -6 3 4 -9 
34 0 36 8 7 -4 1 4 
50 127 8 4 -13 15 -17 -13 
88 -3 -66 -48 -6 2 10 33 
-19 34 38 -42 -32 -1 -35 8 
24 -2 16 6 -9 -4 7 -4 
-24 -31 5 43 7 -52 -16 2 
-14 5 18 -3 -8 16 -43 -18 
22 -12 -19 -18 2 30 20 -23 
4 10 -6 3 -2 -6 -9 5 
-2 6 -15 -1 -4 -11 8 -8 
25 15 0 -10 4 9 8 14 
46 -60 -42 -89 -65 -14 -41 -36 
-98 24 33 -86 -29 20 -43 -9 
-123 -13 -7 -40 7 18 57 25 
25 26 -20 18 14 -49 -6 72 
-26 -45 -105 -38 -12 27 12 -24 
-1 -20 -38 11 20 3 12 -11 
-3 -25 -80 -31 3 2 5 17 
17 -11 -8 -18 -3 4 14 11 
6 -4 6 8 -1 -6 0 -2 
-1 -43 -42 -14 0 5 -1 15 
34 99 35 -88 29 39 -10 23 
11 -38 -12 -26 -11 -14 93 -4 
-109 -12 29 2 1 9 -6 19 
-1 -41 -3 -25 -14 -15 16 30 
2 -4 11 21 17 -10 27 -30 
3 13 -46 -13 2 -15 -33 12 
10 13 -35 -2 7 2 -30 6 
3 -5 -5 4 3 -9 2 -1 
-9 6 52 7 -6 -13 -15 -1 
10 -69 -2 -32 -1 1 -26 1 
-71 18 6 -29 -10 6 -2 -5 
60 17 -2 -63 -23 -6 -37 -26 
-13 11 19 -17 -20 32 -2 8 
0 -16 15 6 8 -14 14 63 
6 -11 -39 -17 -1 20 8 26 
-4 -5 49 5 -2 6 -9 -6 
-1 4 -47 -4 4 8 -4 3 
-1 2 15 -16 -17 -4 -4 -3 
18 -24 -34 -61 -33 -20 -50 -11 
52 34 -16 -24 24 29 -69 24 
-59 21 28 4 0 23 -65 -37 
-91 -14 33 -7 -13 2 14 -23 
-8 1 37 29 8 9 20 13 
7 5 -17 0 -2 -10 1 36 
2 0 10 3 1 8 -1 14 
-2 1 8 -3 -2 9 19 7 
