1 0 -7 -2 -2 -2 6 -2 
71 -3 -19 -32 -7 -10 -1 12 
116 22 22 5 3 6 -18 7 
101 -9 -17 42 18 -2 -53 -17 
-35 1 -4 2 0 19 -94 -14 
-36 -29 -2 34 13 -5 78 29 
57 7 -15 48 8 4 -57 -15 
-73 -7 -4 38 8 -22 -14 -6 
-7 8 -60 -24 -9 4 3 -37 
-4 -11 -3 1 -1 -14 -1 4 
-4 5 14 0 -2 -6 13 2 
6 -27 -61 -17 -7 -50 -14 8 
9 19 74 7 2 17 -8 7 
8 -16 -91 -21 -3 -15 -15 22 
1 19 -30 8 2 -12 -38 9 
-22 -71 1 -4 -2 0 -13 -5 
12 36 60 19 8 10 7 -11 
-9 -22 -12 -6 0 2 -2 4 
2 -10 10 5 -2 2 2 -5 
-1 0 -8 -11 -4 -4 -1 3 
-48 -12 -15 -2 -2 2 14 -19 
-36 0 0 -13 -4 10 8 -10 
-39 5 5 -10 -19 8 39 -13 
-11 7 -46 -61 10 14 -5 15 
-31 15 44 -53 -21 -18 74 16 
31 -8 -47 51 12 24 -81 6 
-21 -2 40 18 11 5 64 1 
-33 -5 -9 50 19 20 26 0 
-5 -9 21 5 1 22 -5 -31 
1 8 57 2 -4 2 -17 12 
2 15 24 6 1 7 8 -10 
-1 35 37 -2 -7 -22 -5 -4 
-9 2 -87 -29 -9 4 6 -26 
7 10 36 28 7 -3 15 8 
7 48 -25 2 3 4 10 -13 
-18 -25 -48 -24 -8 -5 -11 -22 
15 63 54 -29 -12 4 24 21 
-4 -3 -53 -5 -1 4 41 47 
-4 2 -1 2 7 0 -2 -4 
-16 -10 2 4 1 -1 -7 -3 
-29 -8 -12 -1 4 1 -4 -22 
55 -8 -10 -21 -2 3 -16 -32 
-39 -33 -43 52 20 6 29 20 
-101 -77 -29 20 -3 1 -33 -93 
40 57 96 -28 -38 9 35 26 
42 62 -26 -12 29 22 26 27 
6 -2 -9 16 1 -44 -10 10 
-7 3 -19 2 3 -13 0 -19 
-10 -27 5 2 1 10 12 -11 
-1 2 0 0 -4 -8 4 4 
4 9 23 9 6 1 5 2 
-11 -19 -21 -12 -9 -30 1 9 
9 19 67 11 -5 3 10 106 
-8 -14 -58 -4 1 5 57 -11 
9 20 8 16 12 -3 -4 10 
1 1 10 13 2 -5 -4 -2 
-4 6 10 -12 -9 -6 -2 -4 
-7 -15 -18 1 1 -1 -5 3 
5 -7 -52 -10 0 -12 -5 -13 
8 2 21 -25 -13 -4 -35 -14 
70 2 18 -56 -24 -71 -77 -36 
50 12 -24 -124 -14 -4 -75 32 
-86 9 3 -15 -2 11 -11 4 
-14 1 6 1 0 39 -10 -11 
-5 -1 59 9 5 11 1 -6 
1 11 12 11 4 5 -4 -3 
-1 -18 -30 2 3 -11 3 -13 
-20 -33 0 -14 -9 22 -2 -38 
5 22 42 6 7 2 -1 -18 
-1 -4 34 3 -7 8 -5 -35 
1 -1 56 12 5 -8 4 -12 
-5 4 18 -2 -2 22 -33 -23 
1 -1 11 -3 -5 -6 5 6 
3 0 0 -2 -4 0 -2 -2 
8 4 -12 -8 -2 6 -1 3 
-117 10 32 -2 -10 7 -2 -26 
64 12 13 11 5 4 4 -2 
106 -28 -30 2 6 -3 -95 -50 
87 36 -26 23 12 10 -9 22 
4 -23 60 96 28 1 6 60 
-31 -24 7 59 2 -8 10 -18 
-4 5 9 7 7 -8 10 1 
8 13 11 5 5 18 1 6 
3 15 16 7 3 -31 8 11 
-6 8 17 4 4 -28 -1 -17 
-15 -36 27 -11 -8 30 -1 -43 
-20 -39 -19 -14 -15 -2 -20 -77 
19 80 55 14 6 3 -2 11 
3 4 11 7 2 0 1 8 
2 -2 12 2 -2 -1 -3 1 
10 -12 -18 2 3 -1 0 2 
-10 -2 -15 -12 -9 2 -3 -7 
4 -26 -23 -3 -8 -17 -6 -15 
88 -26 24 23 8 6 5 11 
64 9 -39 -83 -17 -1 25 36 
-117 -24 -12 -94 -23 -36 -128 -12 
73 68 -47 -88 -80 6 0 10 
-37 -22 12 34 15 61 83 -17 
-8 15 -20 -23 -9 15 5 -13 
3 -18 -48 -2 -5 -15 -8 -11 
-6 -17 35 0 -6 -15 -28 -16 
-4 -37 -48 -5 -2 -7 4 13 
-5 -8 -5 -5 -5 -6 1 3 
-1 -18 17 -7 2 -8 -20 -14 
10 19 2 1 1 1 6 6 
3 2 67 13 4 -9 -23 -21 
0 -2 0 -2 -4 -7 1 8 
-1 -2 -1 5 3 -3 -1 2 
15 -5 24 1 0 -1 0 4 
12 -8 0 25 11 7 -4 -8 
-97 -13 25 -40 -26 -11 -18 -19 
84 12 16 69 32 8 20 37 
20 -1 -1 12 16 -4 59 52 
-32 8 -57 -34 17 39 83 34 
-46 32 -27 1 -8 63 -31 -38 
-14 4 0 -6 3 24 -33 -4 
0 -21 -36 -11 -4 -2 -7 -4 
3 4 17 6 4 -12 -4 -5 
-1 2 -11 -5 0 -2 2 2 
-5 22 56 4 -5 13 7 -30 
5 -1 25 -7 -2 0 29 -1 
25 12 -39 -1 5 -6 -29 6 
3 22 -73 -16 -1 16 -17 -30 
-3 -2 -13 -4 2 -4 -7 -6 
-4 -14 12 -1 -5 -5 -6 1 
4 0 0 -1 0 6 7 2 
18 1 36 6 0 -8 -6 0 
51 32 25 -10 -7 -6 -4 12 
109 29 0 -24 -6 4 29 16 
-128 -20 -47 68 20 3 -57 -82 
59 11 -40 -106 -10 -18 84 49 
91 50 -19 6 8 26 41 49 
15 6 31 11 -8 -66 -26 42 
2 -2 11 5 3 -10 -7 -6 
3 3 14 12 2 -15 -4 4 
1 9 29 -3 -2 47 2 52 
4 -2 20 3 0 2 16 4 
2 -6 5 3 1 0 -6 -18 
-1 3 43 -5 -2 2 -4 -2 
27 15 17 10 4 -7 35 12 
1 42 116 16 2 -4 3 -69 
-10 -63 47 -22 -15 -9 -95 5 
3 -47 -33 -7 -4 -20 -27 28 
-1 -18 5 -4 -4 -4 -25 -5 
0 -2 1 1 -2 1 1 0 
-4 19 25 1 -4 2 4 -6 
-14 -6 -15 -1 0 -5 -6 6 
40 24 -15 -24 -6 -6 -5 -15 
24 -63 -20 -36 -5 -15 0 36 
81 51 4 -30 -19 -12 -57 -27 
71 -1 39 107 49 1 99 80 
-7 46 17 94 62 33 -57 17 
12 6 -11 -31 2 -2 -6 9 
-2 -1 2 -2 -7 -7 -1 6 
1 24 -7 2 5 33 -2 -17 
-5 -11 1 2 -3 -8 -1 -10 
3 1 3 4 8 5 13 22 
6 -3 32 6 -1 8 19 17 
9 96 61 29 8 6 6 -25 
-7 -69 -77 -17 -14 -1 -19 21 
20 32 79 17 -11 -2 -29 44 
-9 -14 55 21 6 -14 10 -7 
-3 -21 4 -2 0 -2 4 -4 
5 0 10 6 6 3 8 18 
0 -1 -31 -6 -2 -1 -1 -2 
