5 4 -21 -52 -14 10 41 17 
11 12 -31 10 3 5 64 21 
25 12 -5 -39 -13 2 46 26 
-9 39 -1 -15 8 -6 75 87 
-40 -6 24 127 35 13 51 31 
-128 -22 8 -18 -6 -1 -36 -49 
44 -14 -25 -30 -14 -12 4 9 
-56 12 10 27 4 17 -22 1 
-8 8 -3 -25 -3 18 0 7 
18 4 -5 -4 -3 -12 -12 -11 
-4 5 32 -10 -9 -22 -6 0 
-5 -37 -80 -11 -4 4 0 4 
2 1 -8 -5 0 2 3 -17 
-6 30 35 -5 -3 10 2 24 
-10 -51 -32 5 5 -8 1 -1 
8 8 21 5 -2 -2 -8 3 
19 20 24 2 -4 2 1 38 
7 28 7 4 4 2 2 -18 
3 -22 -15 7 4 10 6 4 
0 -2 -10 -1 -5 -1 -6 1 
-6 -6 2 -1 4 -1 0 1 
11 -12 -58 -2 -2 11 6 -1 
6 -33 -54 -7 -7 -8 -9 -4 
37 17 26 -10 -12 -2 1 3 
-35 -17 39 44 5 0 -74 -5 
-128 -18 27 73 23 3 68 -56 
5 -9 19 54 -1 -25 -59 0 
16 28 -17 -71 -18 -2 13 27 
-4 -1 -17 15 4 -8 87 22 
-85 -42 6 7 4 -20 -17 -9 
0 -2 -22 -24 -4 -40 -3 8 
0 -5 15 -2 4 16 5 -4 
0 0 28 2 -3 -2 -3 2 
-4 -19 -55 -13 -3 8 -2 -23 
-5 0 90 18 3 -3 10 3 
13 18 36 9 10 -5 20 20 
6 3 0 13 6 -3 3 29 
4 12 -7 -2 -3 -4 -59 84 
7 6 9 8 14 -6 -15 -5 
-2 -9 12 5 5 -7 5 21 
-7 -6 -17 -10 -8 -1 -4 -3 
0 8 11 2 -4 -3 -2 -5 
-3 8 18 6 -1 -3 0 4 
-7 -6 -7 -4 2 0 -3 -13 
6 -5 -10 -3 -6 -9 -1 1 
9 6 3 3 -2 10 8 -5 
-17 -4 -7 15 5 0 -5 8 
110 32 27 -38 -13 -22 11 40 
81 14 -15 31 5 -2 -26 -52 
21 74 -8 -78 -44 -30 -18 -11 
-11 -41 14 -107 -28 -13 -3 -1 
-39 28 65 -61 -25 2 37 9 
2 -6 3 -8 -4 -6 15 -4 
-3 -14 -6 6 4 47 15 -1 
2 -6 29 3 2 -18 0 3 
-4 -9 -4 -8 0 7 3 -14 
1 0 -14 4 4 12 3 8 
1 25 69 -1 -4 5 -1 16 
-6 13 11 0 0 -9 3 9 
1 13 -4 -6 -3 -4 -13 -36 
-4 -21 -33 11 4 -5 2 -13 
-11 11 26 -5 -9 6 -10 -13 
2 15 37 4 5 12 1 1 
2 1 -24 -6 1 6 2 4 
-1 -6 -4 -2 -4 15 4 1 
-12 -7 -7 -1 -1 2 -1 -3 
-6 8 6 0 1 33 -3 2 
23 3 -9 -1 -6 -7 -1 20 
33 2 3 21 3 9 27 47 
-70 -5 0 56 6 6 23 10 
-70 -80 -22 105 14 -13 -26 -15 
-114 -51 55 -40 -8 6 -54 4 
14 -19 -7 43 7 17 -13 6 
-3 -13 5 2 -2 -18 -16 -26 
3 4 9 11 4 16 -2 -15 
6 -4 43 10 4 -20 2 24 
-2 7 -28 -1 -5 0 -10 10 
9 23 -40 1 0 -3 8 23 
-3 -10 33 1 -3 -5 -10 -7 
1 -33 -88 -4 -1 15 -1 -7 
-7 -38 -103 -11 2 6 4 -26 
-8 2 -10 -2 2 -14 2 -6 
-3 -2 2 5 -1 0 1 -1 
2 4 12 1 -7 -1 0 -1 
-6 7 15 -4 -2 -7 0 -5 
-49 6 6 -2 -1 21 -2 -6 
72 -8 -2 87 40 12 61 6 
-49 -74 -72 32 -16 -14 -105 -97 
-88 6 17 14 -8 -27 -80 27 
-64 -12 39 -128 -37 11 -111 -53 
-78 6 -17 -16 -2 3 28 33 
80 8 -6 -33 5 -1 5 10 
7 -10 -6 15 7 7 -1 20 
-2 13 37 10 10 -20 20 -22 
1 7 43 5 -2 13 9 9 
4 -2 -27 -6 2 6 6 -16 
-6 34 91 19 6 -7 6 -61 
-12 1 38 2 0 -6 -4 -9 
-9 -14 36 -3 -4 1 -4 -20 
-4 9 -39 -5 -2 -9 -3 3 
0 -15 36 -4 -5 3 3 -7 
0 -9 -10 2 14 9 6 7 
0 -1 -5 -1 1 1 2 -2 
2 0 6 -4 -4 -7 0 5 
22 19 -8 -1 1 -26 -3 11 
127 -1 -5 -11 -1 1 2 42 
-11 21 5 34 7 5 27 5 
83 16 -39 75 32 6 -92 41 
67 15 -16 -128 -18 -2 -13 18 
-53 -18 37 61 15 -5 -15 -2 
19 6 11 -12 -2 11 10 5 
3 9 -2 1 -5 -12 -5 -18 
-4 11 14 -10 -6 6 3 -7 
-4 -5 -9 -11 -5 -16 -9 -32 
8 1 -34 5 7 -4 0 -13 
1 -28 -22 -3 -8 -2 -6 33 
-6 0 55 -4 -4 -7 -1 4 
7 10 50 13 6 -9 5 0 
4 -14 -43 2 4 13 5 11 
-1 6 39 4 -5 5 7 0 
-1 0 32 8 -5 -16 -1 0 
0 2 -9 -2 0 -2 4 0 
4 -4 -42 -15 -4 -1 -3 2 
1 7 16 -11 -2 -10 -4 2 
-61 -9 -45 -20 6 51 16 -30 
28 -19 -22 24 22 64 -20 24 
34 31 57 -75 -26 2 -62 21 
54 -22 0 127 70 -23 -29 -37 
36 45 34 -5 -2 -7 87 69 
-94 -18 3 23 4 12 -29 -26 
8 13 -28 1 0 1 -8 13 
3 2 -7 -12 -6 0 10 -7 
-2 -17 4 4 -1 -10 -8 6 
-1 -9 -7 -7 -3 -5 -1 24 
-2 0 -4 1 2 44 8 -14 
-4 12 -31 -25 -11 -16 1 -3 
-14 8 -14 -14 -3 5 6 -8 
15 3 49 4 2 0 -6 37 
-6 -15 1 -14 -6 -9 -12 11 
2 5 24 2 -8 -6 1 -2 
3 2 5 9 14 1 0 0 
0 -3 16 1 -1 1 1 -1 
-22 -8 -27 -2 0 -6 -5 -5 
0 -3 -3 -25 -11 -10 -10 -13 
-44 -7 2 15 1 -8 5 14 
57 8 -17 72 44 18 30 42 
3 -19 -7 -5 4 11 50 19 
-20 -9 -9 23 5 20 5 0 
8 3 3 -2 -4 0 -17 -2 
8 11 8 9 11 41 4 10 
1 -1 -3 9 2 -11 0 -10 
-6 -9 -9 -8 -2 -11 -6 19 
-1 -7 20 -1 -1 -4 0 13 
1 24 -13 -3 -6 2 -2 26 
13 5 -48 -12 -3 2 -7 43 
-7 1 -12 3 -5 -1 -6 -16 
5 21 89 8 2 0 -4 -22 
-2 7 17 2 2 0 1 -7 
1 -3 7 1 -4 -6 0 2 
21 0 -4 -1 2 -2 3 1 
18 -6 -15 -1 2 6 3 2 
30 11 0 -49 -6 -9 7 11 
83 24 16 -13 2 13 5 30 
-109 86 54 -73 -65 -6 53 0 
-43 -10 -18 -39 -19 -13 -8 -7 
15 30 19 27 2 -39 14 1 
-8 -7 -1 0 0 9 2 2 
-3 -20 -22 -12 -5 10 -5 4 
-6 -33 -14 -2 -1 -3 -2 -12 
3 0 21 10 7 6 -22 5 
2 -5 -7 3 1 -5 -6 -15 
-10 13 -48 -12 -10 -9 2 10 
5 -1 -39 2 -5 -15 -32 35 
-2 7 30 -4 -1 3 18 -22 
3 2 58 17 3 -5 24 8 
3 5 12 6 10 -1 3 8 
-2 2 23 11 -1 0 1 1 
-2 -14 9 5 1 -2 1 3 
-39 -11 6 3 -2 -5 -2 -10 
-128 36 39 -14 -1 -7 -7 -41 
127 121 -39 49 35 13 1 28 
101 -21 35 50 5 -12 -82 11 
6 8 27 125 35 -3 11 -9 
-5 -17 -25 -15 -3 3 -13 -17 
30 67 102 8 -3 -3 -10 2 
11 37 102 7 -4 1 -1 56 
9 36 -24 -10 3 5 -6 19 
-2 37 60 4 0 32 16 32 
4 -14 -10 3 0 3 3 -5 
1 -6 -3 -4 -3 -6 -11 -1 
-1 -9 -29 -2 -2 -3 1 9 
-2 -2 -9 -8 -3 -1 -1 2 
-1 1 0 -1 -3 -1 2 0 
