1 4 1 -2 2 0 0 0 
0 1 2 8 4 1 -1 -1 
11 4 -20 -23 -11 -3 2 2 
70 37 14 -63 -21 -3 0 36 
-34 8 5 37 32 5 21 12 
19 -34 41 86 24 18 -80 -27 
75 33 -24 -19 22 39 22 24 
41 9 9 -88 -37 -19 13 11 
-23 -4 -8 3 -2 -29 4 -14 
4 -3 35 -1 -2 27 -3 -26 
-5 -2 -7 -14 -4 12 3 9 
-8 -21 -80 -10 -1 3 -15 -57 
1 -27 -71 -19 -7 6 -1 2 
0 30 84 24 7 -3 22 34 
5 -15 25 4 -3 -5 -4 -13 
-6 -17 22 -3 -3 -4 5 -31 
4 -25 -60 -5 2 -3 -13 5 
0 3 -10 -8 -7 -4 2 7 
8 -6 -9 -12 -1 0 1 4 
-4 -10 -19 7 4 2 8 2 
43 11 31 34 7 -3 -4 -20 
40 -6 15 40 25 5 8 23 
-30 9 -27 -52 -20 10 18 3 
-34 15 -13 21 14 4 30 -2 
12 -13 -9 -16 -9 8 14 -3 
20 9 19 -117 -25 -7 -51 -17 
-3 20 7 1 1 -58 20 17 
-2 15 21 1 -2 8 -11 -20 
0 -1 -22 0 2 0 1 11 
-2 -24 -77 -26 -4 14 4 11 
-4 -8 -67 -13 0 0 -7 -8 
0 18 55 7 -2 -1 -8 19 
5 33 5 4 -1 9 -1 -11 
-13 -3 -76 -3 -3 -19 -20 -42 
4 -21 -73 -15 0 36 9 49 
-2 -5 2 2 2 -6 0 -1 
-8 -4 -9 21 16 -1 1 0 
11 4 12 -6 0 -3 0 -3 
-45 -13 -21 19 0 2 -1 -3 
-26 4 13 5 -5 0 -6 9 
-2 2 2 24 1 -5 -18 -8 
77 16 21 -9 -5 -3 10 17 
28 70 29 -120 -33 0 20 46 
21 -17 -14 0 0 5 -2 -11 
3 14 20 1 -1 0 6 -13 
-2 1 16 -1 -4 4 -5 -9 
-4 9 27 7 1 12 1 -14 
3 18 79 10 5 -13 -1 3 
0 -26 3 11 -3 -1 1 44 
6 39 121 18 3 -2 4 4 
-1 37 73 21 4 -2 12 -31 
-17 -25 -18 -4 -1 -3 -11 -48 
-6 0 -9 -10 -5 1 -4 29 
-1 0 -6 7 -3 -3 -3 8 
1 2 10 3 0 -4 -1 3 
2 4 0 1 2 2 -1 0 
13 -4 -13 -5 -4 -6 -12 -9 
37 2 4 -14 -6 1 5 9 
90 9 -11 -16 -13 -12 2 18 
-74 2 18 -24 -11 -18 -41 -87 
84 34 60 -46 -18 -5 -30 1 
-54 -5 -36 -93 -24 1 -8 -7 
3 1 25 0 2 -18 8 -15 
3 21 11 -4 0 -8 -7 7 
1 -13 -21 -3 1 3 2 -19 
-5 5 -12 -4 -1 21 1 -4 
2 7 0 2 0 6 -19 1 
-7 -33 -42 7 5 -3 5 -7 
7 47 -80 -5 -7 -6 -11 30 
3 -15 -11 1 0 -4 -7 -46 
-11 -59 14 -18 -15 -9 -3 -27 
1 -4 -7 -2 0 -5 4 1 
5 1 -9 2 1 1 0 0 
-10 6 1 -10 -4 1 -4 -8 
28 8 4 -20 -11 -5 -1 -2 
2 15 5 -53 -5 -7 -31 13 
-65 -11 -39 -15 -6 -2 -23 -20 
-103 8 -5 4 2 15 127 72 
12 -4 -11 34 17 -27 -3 -25 
1 29 20 4 -2 -13 0 22 
0 16 30 7 0 7 -1 -8 
-1 7 -37 -9 -4 -7 6 16 
-2 -25 -3 8 2 -6 -4 -8 
10 -11 26 6 2 7 1 3 
0 5 -14 6 2 3 20 -11 
8 33 21 3 4 7 20 -11 
-7 -15 9 -1 7 12 33 -3 
-6 -19 -22 46 32 2 0 -3 
3 -1 -11 -4 -1 1 2 5 
-21 7 2 -10 -3 -6 0 -3 
0 -1 10 1 1 3 13 24 
58 6 27 49 13 -1 -11 -6 
-121 -18 23 -23 -2 -12 -41 -54 
-4 12 28 -62 -17 1 84 14 
16 3 0 -3 -4 7 -13 -1 
5 6 8 4 0 -41 7 -10 
-1 4 -1 1 3 22 -2 -29 
5 10 -85 -24 -5 3 -4 13 
3 3 5 4 1 6 5 -8 
2 23 38 0 -1 5 -3 -29 
3 42 52 10 6 9 16 26 
-12 -27 -34 -7 -3 -3 -8 -19 
7 -9 -60 7 2 -3 11 17 
2 -13 -54 -6 0 3 3 -6 
4 4 16 10 1 -1 6 -1 
-9 5 29 8 2 -3 -9 -2 
26 -7 8 32 10 3 5 -1 
18 -14 -7 -10 -6 -6 6 0 
48 20 13 10 4 8 14 25 
-8 7 9 84 24 11 20 18 
87 28 3 -58 18 14 -2 42 
20 -15 -1 14 9 -21 -39 14 
4 9 6 3 5 35 -1 10 
1 -4 24 7 4 -19 5 -5 
-3 -6 -24 4 -4 -7 1 -3 
2 6 36 4 7 9 6 22 
-3 3 34 8 1 -5 7 -36 
3 31 -39 -5 1 0 22 -19 
1 -12 -78 -9 0 -10 2 2 
2 8 62 4 -1 -2 -4 34 
-3 2 18 21 7 -2 -9 -80 
0 -6 -17 -10 -1 1 -6 -6 
-1 -8 -7 -4 -3 -2 0 -1 
17 6 -1 -1 1 0 0 0 
-16 -8 -8 -6 -3 1 11 3 
-32 0 11 28 15 6 -3 -22 
-5 -4 -3 1 -8 3 19 -5 
-4 -7 4 -33 -7 7 -4 -13 
-24 -8 -1 -74 -20 2 -14 1 
116 -6 -9 83 19 6 11 -17 
-42 0 -13 22 1 -23 -35 -47 
-2 2 -2 -1 -6 2 -5 4 
-5 -12 -28 -6 -3 0 -3 -19 
3 -9 -47 -18 -5 25 6 13 
-4 -16 -11 -2 0 -2 3 -7 
1 -21 -20 -16 -7 0 0 4 
0 8 18 9 6 2 2 10 
12 11 -78 -13 -1 -1 10 57 
-20 -40 -53 -17 -8 0 -6 -26 
-6 -20 -14 10 2 -7 -9 -10 
3 11 41 11 1 -6 -4 11 
0 3 19 10 0 0 -2 -2 
-1 7 12 1 2 -1 1 2 
4 9 17 3 0 6 -1 -1 
-14 3 21 12 5 -5 -1 -5 
12 2 -4 24 7 -1 6 3 
-74 -5 16 -35 -30 -17 -32 -54 
86 35 41 -85 -40 9 -15 60 
36 2 7 14 1 -8 25 17 
29 2 -6 2 6 -7 10 2 
-5 7 6 -1 -2 -9 0 -10 
