-2 -15 -43 -8 -4 -8 -4 0 
3 1 4 3 -3 -29 3 3 
2 -2 -1 0 3 11 20 29 
-12 8 -15 6 17 110 69 -11 
23 103 53 11 15 -52 35 -50 
3 -60 -9 -17 -41 -128 -82 68 
-1 -1 -1 -5 -4 -4 18 1 
-2 -15 -1 1 -5 -1 1 2 
-10 -25 -86 -56 -30 -3 -3 -3 
-11 -11 -90 -42 -14 1 -1 -2 
8 -32 -82 37 28 -2 7 6 
-7 -123 82 35 0 15 7 7 
-8 -2 -17 37 18 3 -3 -6 
-17 9 -1 7 -1 0 0 -6 
-6 13 12 0 -5 -2 2 -4 
1 0 6 5 4 1 42 2 
6 -14 8 6 2 -18 -3 52 
-69 8 5 -5 -24 -11 -42 -89 
-13 28 40 -3 -4 49 121 -57 
-2 12 15 -5 -21 -89 -54 8 
7 16 11 1 -8 -1 16 0 
3 19 -5 14 4 6 1 3 
-3 -4 48 16 -1 -6 -1 0 
-28 -75 -3 54 3 -4 -3 -9 
3 -36 77 59 -8 5 1 7 
-70 -128 -66 9 -8 -14 -10 -16 
0 41 14 18 3 -4 0 3 
2 6 7 -13 -7 -21 -5 17 
3 7 5 -8 -4 -44 20 2 
-2 0 -4 0 2 -2 -1 -8 
22 6 0 3 8 67 19 37 
-4 2 -10 -10 -3 38 -25 -51 
-19 -12 -15 -6 0 49 -75 -78 
3 -22 -9 -3 -7 -72 -42 16 
0 33 21 0 2 9 2 4 
-1 -2 -5 -4 1 3 2 0 
1 32 50 21 12 9 2 1 
4 10 20 -5 -3 -3 1 2 
-17 -10 -25 -36 -24 2 -6 -6 
17 89 42 41 9 -8 -1 -1 
17 65 27 -89 -9 -6 1 5 
16 24 -1 -54 -25 8 2 4 
-3 13 -23 14 9 -8 -3 -30 
-3 2 1 0 -4 -15 -36 10 
-5 -4 -1 -2 -3 -19 53 -24 
-7 -2 2 1 -3 -10 -8 32 
10 29 5 2 1 -50 -13 20 
-1 -77 -14 -4 6 55 -13 24 
-29 5 49 -7 -5 -51 15 5 
-1 6 -26 -1 7 -2 -18 -24 
-1 -2 -17 5 2 -1 -1 1 
2 9 13 -1 -4 -3 -3 1 
12 11 48 18 13 3 2 4 
10 -10 -21 -12 -8 2 1 2 
-27 -10 -51 77 -10 -9 -2 -1 
-2 -14 -56 106 95 12 -1 -5 
-7 26 8 -6 -21 1 -8 -16 
3 0 10 4 1 -2 9 -11 
-3 2 1 0 2 -16 15 9 
3 0 -1 2 -6 -19 -33 24 
-38 -21 -12 -2 -12 -104 -39 7 
55 23 21 2 18 4 -41 28 
29 31 40 33 36 75 -120 51 
-5 8 22 10 8 4 1 -20 
3 12 6 -12 -7 0 1 -3 
8 0 56 23 14 -4 2 3 
-2 44 -5 -15 -12 0 4 -3 
-7 -13 44 3 -5 -3 -2 -3 
7 -3 -79 -20 -7 3 0 1 
-19 -39 49 -87 -55 -13 -10 -9 
-48 -121 78 82 -26 -11 -19 -28 
12 19 106 24 -9 -17 -2 5 
-2 -10 -15 -11 -4 2 17 8 
3 5 -3 -8 -6 67 3 11 
-2 4 4 3 1 -15 2 -17 
-16 6 9 11 -5 -14 10 -11 
-8 -42 -20 -11 -4 57 76 31 
-15 -17 4 -3 -14 -81 63 10 
9 14 41 16 18 69 127 -3 
4 13 -2 19 4 0 15 2 
9 33 127 28 8 -4 4 2 
-13 -60 -118 -22 -10 -17 -11 -6 
-24 -89 -53 -28 -12 1 -5 -6 
3 33 -45 -18 3 4 5 6 
-43 -24 -6 37 0 -3 -13 -22 
-17 -51 -41 1 1 -2 1 5 
0 19 -15 -12 -2 22 11 1 
-1 19 3 2 -4 30 -6 -13 
1 0 1 -3 0 45 15 16 
-2 -1 -2 1 -2 -14 -7 -28 
14 -9 -5 -4 -5 -34 -13 63 
-18 15 8 8 9 58 61 -75 
1 -10 2 4 2 -57 52 -12 
-11 -31 -17 -11 -8 -19 -94 -5 
-3 8 -10 6 12 17 9 4 
-1 1 10 14 2 5 -1 0 
-2 36 -4 -11 0 -6 -2 -1 
-2 -16 -91 -17 -2 -2 -3 -2 
6 -12 -10 18 10 3 1 0 
-5 0 -16 -29 -16 -8 -2 -3 
0 -67 8 -2 6 -1 1 1 
-4 113 14 58 22 -3 -6 -5 
7 -11 19 64 28 2 3 5 
-2 -6 -7 -11 -7 -7 -30 -35 
6 -3 -3 3 -1 -22 -17 10 
1 4 3 4 4 12 54 19 
-7 -20 -4 -2 10 50 -62 -22 
8 -20 -5 -6 0 64 -64 -15 
8 9 1 7 0 -51 -58 -12 
5 0 -3 -1 8 86 36 18 
5 15 44 12 -3 -2 8 6 
2 12 38 10 2 4 1 0 
5 -9 -13 14 5 2 4 3 
-30 -15 -10 -55 -40 -4 -11 -10 
6 10 80 24 7 -1 2 2 
12 -72 9 -32 3 -9 -3 -2 
2 -5 18 21 -5 0 0 -2 
-1 -12 5 0 -2 -1 0 2 
0 0 27 2 1 1 0 2 
-3 -11 -36 -9 -2 1 -1 -2 
