-2 6 11 -4 -6 -44 -67 -16 
4 5 -4 -1 4 45 60 50 
-21 13 5 0 4 -7 -8 -4 
-56 7 12 -12 -33 -41 -91 -96 
15 -32 -8 -5 -21 -89 -111 35 
-1 -10 42 1 6 13 5 2 
3 11 2 -10 -8 1 2 2 
-5 -37 -61 -10 2 -3 -2 -3 
31 28 18 -115 -56 -5 2 12 
36 63 71 -53 2 11 11 16 
12 2 23 47 9 8 4 5 
-1 8 -16 -14 -10 -24 20 -12 
-10 -14 8 -7 -11 -57 -12 -16 
11 24 3 1 -1 -17 -8 15 
57 47 22 16 12 44 -65 77 
-62 -37 -29 -15 -31 -21 58 -69 
-15 -26 -42 -8 4 29 49 18 
-7 -37 -81 -52 -6 8 11 4 
-7 -14 -29 -13 -8 -1 -1 -1 
15 -14 45 58 40 9 8 11 
40 80 81 127 88 11 17 16 
19 19 -36 -77 -30 -6 0 5 
-9 20 23 -3 -9 45 3 -50 
7 3 2 -1 -6 -20 -16 29 
-9 2 1 -5 -8 -57 -33 -56 
15 16 0 6 12 7 37 43 
27 36 16 9 6 -81 27 44 
19 19 5 -5 -12 -80 26 3 
-7 -30 -7 -7 -1 4 3 -5 
12 20 105 28 7 -2 3 7 
10 50 94 30 15 6 8 8 
-4 2 -98 -34 -8 -7 -6 2 
16 28 7 8 -12 -6 1 3 
4 -13 -24 13 8 6 10 40 
-1 -4 9 -3 -2 -11 15 14 
-3 -7 -13 -4 -4 26 -46 -9 
32 10 5 6 13 57 42 86 
12 0 -1 1 -5 -128 -22 -8 
0 -4 5 6 5 34 -67 -2 
-4 -11 -5 -7 -7 -5 -7 -9 
-1 -3 -49 -3 3 1 -1 0 
3 20 38 2 -4 6 -1 1 
3 6 58 40 15 -1 1 1 
-1 32 42 35 10 3 4 6 
7 28 -2 13 7 -5 -4 0 
-1 -9 -4 6 0 -16 1 -6 
12 -3 -26 -8 -4 48 -10 65 
4 15 13 6 14 127 63 5 
39 22 9 17 28 93 69 100 
19 21 26 13 19 41 21 63 
12 27 17 16 9 15 12 14 
12 28 81 37 22 -4 5 3 
7 29 47 35 10 2 6 22 
23 12 -70 -21 3 -1 0 -21 
-6 28 -27 5 -5 2 -5 5 
14 8 -4 14 11 2 6 -2 
-5 -10 2 -6 -10 -56 -11 -3 
13 3 -1 0 2 45 54 47 
11 7 2 6 12 28 -19 60 
2 -7 7 8 12 74 73 17 
-5 -32 -40 -3 14 67 -54 28 
-8 -46 -36 -11 -9 8 -28 -20 
-1 0 -23 -11 -2 -8 5 4 
1 -8 -54 -6 3 0 2 3 
-5 29 -12 -59 11 4 -1 -2 
-51 -34 -75 -128 -58 -16 -11 -15 
-17 -68 -78 -18 -14 13 -3 -9 
1 14 -30 -26 -15 -4 14 4 
1 -33 -87 -13 -6 -38 -11 11 
2 8 13 4 1 23 -12 16 
3 3 2 2 -7 -61 -57 1 
1 -3 -4 6 16 -20 -49 -9 
3 14 23 16 36 5 -50 3 
4 17 25 7 -3 -13 -19 6 
-2 -17 -72 -11 -9 4 1 0 
-4 -56 -37 0 2 -2 0 0 
12 40 38 25 12 1 3 4 
2 -32 0 -123 -45 -11 -10 -11 
-73 -128 -51 35 -16 -11 -19 -27 
1 -3 5 -6 -6 61 9 -1 
3 4 8 5 6 4 22 -28 
1 3 0 0 4 42 -20 9 
-10 -2 0 0 -4 -15 -28 -9 
-20 18 5 -6 -12 -52 -67 -35 
-10 -6 -2 -6 -5 -41 -26 -96 
-1 18 0 -7 -3 -3 20 3 
-2 -5 -16 -8 0 5 7 1 
-13 -28 -23 -18 -8 2 -2 -5 
20 11 -34 -32 12 8 10 14 
11 8 -102 -43 11 7 -3 -2 
3 -44 -11 61 10 -10 2 0 
-1 -7 33 0 0 -4 0 -3 
-6 5 -1 -5 -5 21 -7 -4 
3 13 6 0 6 37 30 -4 
-6 8 2 -2 -7 11 -4 -47 
28 51 12 1 2 -4 -11 54 
-14 -5 6 2 0 7 66 23 
-2 -3 4 -3 -11 3 -4 6 
2 6 5 15 10 3 -3 1 
-5 -25 13 -15 -9 -3 -5 -2 
8 9 73 23 6 -3 1 2 
16 46 38 2 14 9 10 7 
8 -20 -33 19 7 6 3 4 
1 14 11 27 6 -2 -4 -1 
0 3 -12 -8 -8 5 3 14 
4 2 -1 3 4 -12 5 -11 
8 3 -7 -5 -10 -51 -61 24 
20 4 8 5 2 -8 -22 -56 
5 3 1 -1 -1 -37 -12 28 
-4 1 1 4 2 2 19 -5 
-2 2 -10 -13 2 0 3 -2 
-7 -21 -50 -19 -17 2 -4 0 
-7 -4 -7 19 1 6 -2 -4 
-7 -44 -95 -5 0 -4 -4 -6 
7 -37 -22 4 9 2 4 4 
1 13 -21 -11 -1 0 0 10 
