-1 4 7 1 -2 -3 1 0 
-2 -2 -7 -6 -3 -2 -2 0 
1 -1 -2 1 4 -1 -1 -1 
6 9 9 -1 0 -3 -2 7 
-8 -13 -12 9 5 -1 8 -21 
-7 -14 0 -2 4 10 12 -38 
-46 -72 -7 -54 -24 6 -9 8 
21 35 -8 4 2 3 5 -45 
11 16 -52 -6 5 0 -29 33 
8 16 32 7 1 -4 3 -5 
2 8 53 7 0 -3 -5 6 
1 1 1 -1 2 -1 -1 0 
0 -7 23 3 -1 -1 -2 0 
1 -2 -4 2 6 -2 3 -25 
-1 10 13 2 -14 -8 34 -56 
5 -1 -7 -3 16 121 78 55 
10 26 44 15 15 -6 -99 -19 
-37 -8 -33 -9 -15 -81 -83 6 
-16 1 31 0 -34 -100 -99 -38 
-8 -9 7 3 -7 -54 -54 -65 
-7 -3 -5 -6 -11 -5 8 -8 
-2 -2 -12 -7 -9 -6 -1 -3 
2 19 7 5 0 -2 -2 -1 
-2 -4 -96 -28 -11 -4 -3 -3 
7 43 30 -73 -7 -3 -4 -2 
-61 -128 -19 127 68 15 5 -7 
11 18 54 -69 -16 3 -8 -8 
-37 -26 43 56 -14 1 1 -5 
9 -19 28 -58 -7 -11 -2 2 
-1 -10 -1 1 3 2 -2 -1 
-1 -3 -2 2 0 0 -4 2 
6 10 4 1 1 1 0 0 
17 -10 -11 7 4 1 19 1 
-1 0 -13 25 -2 43 -17 -30 
127 -34 -22 3 7 -16 -19 -1 
33 13 -31 -1 51 17 24 41 
-10 55 46 -120 -54 5 -41 -1 
-51 -9 11 -38 -3 -29 -128 -27 
70 26 36 64 21 29 51 42 
-7 -13 16 8 3 -14 1 7 
3 -2 -6 -3 -1 8 1 2 
0 -1 -5 -1 -2 10 -1 1 
-2 1 -10 -4 -4 0 0 -3 
6 -5 -35 12 6 -10 -3 7 
-5 -27 -20 -4 -2 -5 -1 -4 
-6 16 -22 -22 -6 16 -3 -34 
-1 96 -35 -32 -10 3 -5 -3 
-33 -54 -128 -104 -60 -18 -17 -14 
54 127 90 28 10 1 0 5 
2 28 -63 -24 40 3 3 -15 
-1 11 34 8 -14 -4 -5 2 
2 14 7 -12 -5 0 -2 -2 
-2 -9 3 3 1 -1 0 0 
-5 -6 -27 -10 -6 -3 -3 -3 
-8 -7 -11 1 0 0 0 0 
6 27 58 21 6 0 -37 -8 
75 -32 -35 -28 -12 -3 6 59 
82 -45 -26 46 6 -5 -94 23 
127 25 -7 -78 11 -30 -29 35 
-99 -42 -10 -67 5 -9 -53 -17 
-60 -5 11 -13 -11 -24 -98 -59 
-26 -13 -6 20 -1 1 -23 1 
12 14 7 -7 -2 -34 15 36 
0 -1 -7 2 -4 -4 -7 -2 
18 95 36 28 11 -1 13 -32 
-57 -61 -79 -28 -13 -20 -17 -60 
-25 14 10 20 39 4 -10 -13 
8 -29 65 7 -12 -23 -56 0 
8 41 126 37 12 -7 -21 0 
0 -2 -8 5 7 -11 -1 5 
-1 -6 0 0 -1 9 -10 -17 
-1 -6 -14 -4 -5 -12 7 28 
34 17 -1 -8 0 80 66 114 
5 0 6 5 6 -31 -93 -11 
51 42 22 18 18 64 0 5 
12 -31 12 7 11 105 27 89 
8 18 6 3 -17 -108 -128 -13 
1 -2 0 0 2 17 3 6 
-2 3 -2 -4 -8 -2 -3 -5 
-2 -2 -3 3 -1 -2 -2 -1 
-13 -5 -6 4 7 0 -7 -4 
-19 0 2 14 4 5 5 -2 
3 -30 -46 -14 12 5 4 58 
-65 4 0 -82 -36 -4 1 -2 
-3 14 -17 -8 16 31 1 -25 
-41 -14 -43 -128 -53 13 -51 -11 
-98 -47 -81 54 36 15 -5 -25 
12 -9 -1 -85 -38 -25 2 -22 
2 2 15 -3 0 7 2 4 
1 28 51 13 -1 -12 -9 -31 
-2 2 -5 -12 -7 -33 -7 20 
-8 9 0 -1 -11 0 3 3 
0 -5 -44 8 14 9 -10 40 
-16 94 105 5 -2 -14 -40 42 
16 49 -23 -17 -7 9 -8 61 
-9 -10 -6 -3 -6 -4 -6 -17 
-6 -4 -3 -2 -1 1 -2 -2 
1 10 21 -3 -7 -1 -2 2 
2 16 -2 -6 -6 -37 -7 2 
25 -24 -73 -22 16 2 12 13 
-1 -53 -122 -7 -1 -1 -2 -1 
-67 -84 54 -47 -32 -2 -16 -21 
-39 60 72 -13 37 -19 -4 -2 
2 -28 47 -22 9 -1 0 0 
22 -20 -45 -5 13 0 1 5 
2 -1 5 1 -3 -1 -2 2 
-11 4 7 6 0 -3 -1 -10 
49 1 -3 -5 -3 1 -1 -6 
-65 -31 -11 31 -1 -18 -31 -30 
127 -5 -12 101 103 -4 0 87 
114 47 -78 39 54 7 107 78 
-44 7 14 -1 -3 66 5 -27 
-11 -11 -18 -1 -8 -34 4 0 
1 -11 -13 0 -2 -12 -9 13 
4 17 16 3 1 -11 5 0 
-7 -5 12 0 3 24 6 -53 
-8 16 13 10 7 58 39 43 
6 22 11 -4 -18 -115 -16 1 
52 26 11 19 52 109 113 84 
-10 -12 -7 -14 -33 -38 -98 81 
19 43 -2 6 19 17 111 45 
5 26 -2 -2 -15 -128 -128 63 
3 -11 0 27 40 76 30 -9 
3 -2 18 -14 -14 -12 3 -3 
-20 -6 -11 21 19 5 1 -2 
-4 1 0 -15 -4 -1 -2 -2 
-1 9 10 -13 -5 -1 -3 10 
5 26 -25 -13 -4 -5 23 17 
-5 13 49 5 -2 -7 -37 -15 
10 4 127 35 1 15 -3 -5 
-8 -66 -79 1 28 -6 -1 -8 
1 -54 -109 -31 -32 6 1 -30 
6 -11 -16 -15 -7 2 5 -5 
2 -1 3 23 4 -2 0 -6 
1 -2 -3 -4 -11 1 -1 -2 
0 -1 -2 -2 -6 -3 -2 -1 
0 0 1 6 0 2 0 0 
0 -2 -1 0 0 1 -1 1 
0 -1 -1 -3 -2 -2 0 0 
