-2 -9 -10 5 1 -1 -1 -5 
-2 0 2 2 4 1 0 -1 
0 4 -1 -2 0 0 -1 -3 
0 -12 -21 -4 -2 -2 0 7 
-5 -2 -3 -5 -3 1 2 -26 
-21 -33 -69 -6 -4 -27 -21 -47 
-14 58 -9 24 16 0 11 -78 
4 27 76 24 8 -8 -8 83 
-26 -28 -12 6 -2 -3 7 -35 
1 2 -13 -4 2 2 2 1 
-3 -1 -8 10 -10 -5 -1 0 
1 -7 -21 -9 -4 2 -1 -1 
3 8 37 11 -1 -3 -1 3 
24 27 68 61 6 -6 0 4 
4 -20 -18 71 36 2 3 2 
48 45 12 50 19 4 7 18 
-17 -102 -33 71 6 2 2 -2 
-13 -16 1 39 11 3 -1 -4 
-7 -10 15 1 -2 3 -1 -3 
-1 -4 -5 4 0 -1 2 2 
-2 -6 -8 11 7 1 0 -2 
-12 7 16 -5 -1 0 -1 1 
-18 -32 -57 -47 -17 -4 2 29 
104 -1 -19 -107 -32 -7 10 -25 
-48 -29 -106 70 54 -69 -73 -95 
29 7 25 -1 1 35 25 72 
-74 -14 -27 -18 -5 5 -10 -23 
3 -26 -46 -11 -9 -36 18 13 
2 11 7 -1 -4 -37 -7 -9 
-11 -31 -16 -4 -4 -30 4 12 
14 -38 -9 -5 -2 33 60 127 
-78 -45 -26 -17 -25 -102 -124 5 
1 -16 -8 1 1 -80 26 -81 
18 12 11 11 -10 -128 -45 35 
0 -19 -6 -11 -7 -39 -91 40 
2 0 15 2 -5 0 -12 9 
1 0 -17 -5 -2 0 4 2 
0 6 -2 6 6 -1 1 0 
1 10 -20 -4 -4 -2 -2 -2 
-38 -6 28 10 2 3 -10 -71 
-85 -65 -70 13 -25 -8 -25 -14 
54 127 127 -88 1 12 36 -3 
21 43 71 -128 -38 34 72 59 
112 12 -6 -44 -2 -6 81 89 
43 2 -11 -28 -8 -9 -33 11 
-11 -26 -11 24 8 -2 6 -15 
-1 -6 -32 -3 5 -4 -1 -3 
9 9 78 85 30 5 9 28 
-18 -67 49 18 18 6 3 -14 
-3 34 -92 -66 -11 -4 -3 3 
-12 96 78 15 60 8 -7 -16 
17 38 0 46 71 9 -2 1 
9 10 2 -15 -9 -2 0 0 
13 1 -6 -2 -3 -2 0 4 
-2 3 4 -2 -1 3 -2 0 
-3 -3 6 1 5 10 7 9 
12 38 4 1 0 3 -8 50 
-13 -48 20 -1 -13 -8 -48 -58 
75 62 47 25 6 7 48 10 
-23 3 -44 -8 -2 -3 -27 1 
-15 -42 42 19 1 3 11 -18 
-4 4 -7 -3 -6 1 5 8 
-3 6 6 -4 2 15 -6 -7 
6 2 -3 2 8 88 45 6 
6 -6 -2 -4 -16 -128 -37 81 
3 2 19 18 44 107 39 -122 
19 -17 10 17 35 81 -49 -121 
19 26 39 14 -10 -114 -79 -77 
-21 20 0 -7 -15 -75 -30 -27 
-2 -12 -5 17 17 19 10 5 
-3 -9 -2 -6 3 1 -1 -2 
1 13 -3 6 4 2 0 0 
4 -2 -3 5 -2 -3 -3 -1 
21 16 27 11 3 1 -1 -4 
105 13 2 44 51 9 -21 5 
-128 -31 -52 81 35 -7 28 80 
55 23 123 -62 -3 20 23 76 
-128 -7 -33 75 -20 -29 -128 -116 
-33 -2 -7 14 -6 2 56 5 
4 9 -19 -11 0 22 23 6 
-4 9 9 -4 -9 -1 -6 -12 
1 16 10 6 1 5 13 -47 
-3 -29 -2 -5 -13 -38 -20 31 
-17 -34 -13 -17 -10 99 54 73 
6 32 13 2 -31 -77 18 -50 
-9 -30 4 25 54 70 114 20 
35 24 16 4 5 -31 33 15 
10 -6 -28 21 39 -10 -13 -1 
40 4 9 -4 1 -3 -1 4 
-1 7 5 9 9 0 -2 1 
-4 -31 -59 -5 -6 -3 -2 -1 
2 -47 -33 26 24 1 8 11 
20 -45 -19 22 24 2 10 13 
15 75 -29 -90 -50 -6 -10 -4 
-26 54 -29 -94 -36 -5 -3 -3 
-2 30 57 30 1 13 0 -5 
3 -17 34 -14 -5 -4 3 25 
-4 1 2 -14 -12 -2 -1 -3 
16 2 0 -2 -3 -1 4 5 
-5 -13 -10 -2 -4 -25 -8 3 
0 -5 -1 -4 -2 -8 -8 -32 
4 -40 -108 0 6 8 3 -27 
-21 -28 104 -16 -7 2 0 7 
-20 2 15 7 3 4 40 13 
-2 -47 -8 -9 7 11 46 19 
-5 0 -21 29 13 3 -4 -18 
32 1 4 7 10 3 12 3 
-3 -2 -2 -3 -5 0 -1 -2 
1 -2 -1 -1 0 3 -1 0 
0 0 -3 -4 -4 -3 -3 -1 
0 -1 -2 -4 -6 -1 -2 -3 
