-8 9 -24 1 2 -11 -23 -30 
-2 -76 -66 -10 0 5 -14 -38 
-6 2 18 3 0 0 5 -20 
0 56 81 -13 -6 12 -14 25 
-11 -39 -26 5 0 -10 -3 18 
7 12 -2 2 -3 -5 -10 -42 
8 -27 -26 -22 -11 -15 -24 41 
20 -60 -104 -9 7 11 18 77 
8 15 -4 1 3 -11 5 17 
-3 16 45 24 1 -1 -2 -43 
3 9 34 5 5 -7 -34 41 
-24 -37 21 -24 -11 4 -28 -31 
-11 22 -5 8 -3 -11 -10 -32 
-1 57 44 -23 -17 -4 -13 31 
-6 10 79 36 15 0 -6 -13 
-2 2 7 1 -2 1 4 17 
11 11 -24 -4 -2 -5 -11 3 
11 22 19 3 0 -4 -7 -26 
-7 -10 -5 2 1 2 26 -12 
-18 -37 -87 -3 -3 -8 13 35 
0 34 77 25 8 9 28 -3 
-6 11 41 21 6 -1 -12 -11 
6 5 -44 -6 1 -10 -24 -25 
3 23 17 4 -12 -8 -34 106 
-9 14 -5 4 -8 5 -3 -41 
-8 -63 -55 -24 -10 -3 -20 -35 
9 44 98 24 4 5 38 -23 
2 46 20 -24 -11 -5 -30 24 
-8 -59 -72 -5 -4 20 -14 19 
15 33 83 11 -3 -14 -11 39 
-12 1 113 8 -1 3 3 9 
4 31 -21 8 12 0 -10 -2 
13 127 111 -2 -9 -2 -4 8 
5 -12 -22 4 0 1 36 10 
-11 -14 6 10 4 0 12 -27 
-10 16 42 -1 -6 1 -3 -2 
29 103 70 28 11 6 0 -8 
-16 -79 -42 -13 -9 0 -22 -19 
32 35 26 21 9 12 1 45 
27 69 8 7 7 6 25 44 
19 54 72 17 9 5 0 -8 
-11 35 17 -3 -2 -9 -4 -23 
-12 -83 -94 -40 -6 31 15 -8 
-4 -21 5 9 0 -3 -48 -30 
-2 -39 -24 9 6 7 31 7 
18 34 -15 14 7 16 2 -3 
8 30 23 -3 2 -27 -13 -6 
2 35 62 3 0 24 30 19 
4 -10 -30 -23 -9 21 -8 11 
15 13 83 7 -2 1 10 10 
-3 17 22 -12 -7 -12 -12 9 
-2 -19 22 5 -4 -6 -8 5 
10 49 88 19 8 -12 1 9 
-17 13 14 -5 -8 -1 -9 -50 
-1 18 13 -5 2 13 31 1 
10 84 122 9 0 -1 18 2 
1 2 27 12 4 -9 -2 6 
-3 -8 74 22 5 -4 27 10 
-6 -32 -10 3 -2 -13 -26 23 
10 9 20 3 5 0 11 6 
-7 -4 34 11 4 16 -39 -8 
-1 10 12 5 4 -3 -16 7 
-4 11 37 6 1 -4 -29 -27 
-8 -34 -58 -24 -7 3 -5 -4 
7 31 -2 6 6 -3 -1 4 
2 7 -3 10 3 -5 -16 -42 
14 4 -26 -9 -1 2 2 -5 
-9 13 60 12 3 5 -7 -56 
-3 3 -51 -26 -9 -7 -7 10 
4 -7 4 10 1 -4 -2 16 
2 23 12 9 2 1 -14 -78 
1 10 7 14 5 -3 0 8 
0 22 -3 1 -1 0 9 0 
1 -6 -11 8 3 -4 -12 -7 
-4 15 20 2 3 -1 -3 25 
-11 -53 -48 -19 -8 2 -14 -6 
-1 9 -9 0 2 0 1 -15 
