6 36 18 7 3 -61 34 -73 
-27 -34 -37 -24 -23 -1 -92 27 
14 -30 4 11 6 -24 97 -40 
4 11 9 2 -5 -76 13 31 
-6 -10 -4 -2 -8 -33 45 -16 
-14 0 -7 -5 -7 -19 64 -77 
15 3 9 5 -1 -18 24 8 
-3 -8 -6 7 0 -21 -112 -80 
-22 17 10 -3 -3 59 9 -42 
-5 1 17 -4 3 83 -18 2 
10 50 67 14 4 -47 -18 11 
-18 1 -9 -3 7 65 -24 -17 
1 -1 6 6 5 43 2 15 
0 23 -23 -4 -8 -50 -28 -5 
12 28 4 1 9 106 81 6 
-5 14 10 5 0 -21 -11 6 
6 18 18 12 26 -14 -19 19 
-8 1 -5 -7 -17 -75 -19 23 
-11 -3 -17 -1 9 20 -21 7 
-14 -11 -11 -5 2 -11 91 -22 
1 7 7 0 -5 -11 -36 -17 
3 0 1 -3 -6 -31 -8 21 
4 -10 -14 -4 -1 -1 -13 26 
-8 -9 -3 -9 -7 -18 1 14 
0 7 -11 6 2 -22 -21 -71 
-1 -2 16 8 11 16 9 1 
1 4 -1 1 -3 -26 -24 -2 
0 9 7 3 5 36 -16 -17 
0 -4 -1 1 0 3 16 5 
-1 0 9 1 -2 5 22 3 
-1 0 11 1 -3 -34 -31 -32 
-9 7 7 2 2 37 25 -48 
-3 -6 -2 -5 -5 -42 -3 -7 
3 10 -6 0 3 -12 -3 17 
5 2 -3 3 1 -13 2 -14 
-4 16 -18 -4 -5 -24 10 2 
6 3 -8 0 5 7 -36 25 
1 10 12 -1 -2 17 0 -15 
-4 20 8 0 -1 -9 14 -28 
4 10 7 3 5 8 -23 2 
-3 17 4 -4 -1 -28 13 -16 
-1 -14 -24 -2 -2 -24 -9 -1 
2 19 8 -3 -1 1 -7 -13 
9 -21 4 8 5 9 27 8 
4 5 16 2 -2 -18 -8 22 
-13 7 29 0 -2 4 4 -57 
3 -7 -26 -6 -3 14 0 29 
-1 15 30 -10 -4 -3 27 3 
-2 -11 -1 1 1 15 -21 12 
-3 -5 -10 -4 -6 -52 4 -62 
-16 -7 13 -9 -12 -27 -22 -22 
1 9 25 4 -1 -22 -4 2 
3 -32 -23 -1 0 -16 -7 6 
3 22 9 4 1 -8 -15 22 
2 -1 5 2 2 4 -13 -16 
1 -10 -31 -2 -1 14 8 2 
5 13 4 0 -2 -15 -9 10 
-4 -27 -4 -6 -4 -7 14 16 
